-4 1 0 0 0
1 -1 1 0 0
0 1 -3 1 0
0 0 1 -1 1
0 0 0 1 -4

-6 1 0 0 0
1 -1 1 0 0
0 1 -3 1 0
0 0 1 -1 1
0 0 0 1 -4

-6 1 0 0 0
1 -1 1 0 0
0 1 -3 1 0
0 0 1 -1 1
0 0 0 1 -6

-6 1 0 0 0 0 0
1 -1 1 0 0 0 0
0 1 -2 1 0 0 0
0 0 1 -3 1 0 0
0 0 0 1 -2 1 0
0 0 0 0 1 -1 1
0 0 0 0 0 1 -4

-6 1 0 0 0 0 0
1 -1 1 0 0 0 0
0 1 -2 1 0 0 0
0 0 1 -3 1 0 0
0 0 0 1 -2 1 0
0 0 0 0 1 -1 1
0 0 0 0 0 1 -6

-4 1 0 0 0 0
1 -1 1 0 0 0
0 1 -2 1 0 0
0 0 1 -3 1 0
0 0 0 1 -1 1
0 0 0 0 1 -4

-6 1 0 0 0 0
1 -1 1 0 0 0
0 1 -2 1 0 0
0 0 1 -3 1 0
0 0 0 1 -1 1
0 0 0 0 1 -4

-8 1 0 0 0 0
1 -1 1 0 0 0
0 1 -2 1 0 0
0 0 1 -3 1 0
0 0 0 1 -1 1
0 0 0 0 1 -4

-6 1 0 0 0 0 0
1 -1 1 0 0 0 0
0 1 -2 1 0 0 0
0 0 1 -2 1 0 0
0 0 0 1 -3 1 0
0 0 0 0 1 -1 1
0 0 0 0 0 1 -4

-12 1 0 0 0 0 0
1 -1 1 0 0 0 0
0 1 -2 1 0 0 0
0 0 1 -2 1 0 0
0 0 0 1 -3 1 0
0 0 0 0 1 -1 1
0 0 0 0 0 1 -4

-8 1 0 0 0 0 0 0 0 0
1 -1 1 0 0 0 0 0 0 0
0 1 -2 1 0 0 0 0 0 0
0 0 1 -3 1 0 0 0 0 0
0 0 0 1 -1 1 0 0 0 0
0 0 0 0 1 -5 1 0 0 0
0 0 0 0 0 1 -1 1 0 0
0 0 0 0 0 0 1 -3 1 0
0 0 0 0 0 0 0 1 -1 1
0 0 0 0 0 0 0 0 1 -4

-8 1 0 0 0 0 0 0 0 0
1 -1 1 0 0 0 0 0 0 0
0 1 -2 1 0 0 0 0 0 0
0 0 1 -3 1 0 0 0 0 0
0 0 0 1 -1 1 0 0 0 0
0 0 0 0 1 -5 1 0 0 0
0 0 0 0 0 1 -1 1 0 0
0 0 0 0 0 0 1 -3 1 0
0 0 0 0 0 0 0 1 -1 1
0 0 0 0 0 0 0 0 1 -6

-8 1 0 0 0 0 0 0 0 0 0
1 -1 1 0 0 0 0 0 0 0 0
0 1 -2 1 0 0 0 0 0 0 0
0 0 1 -2 1 0 0 0 0 0 0
0 0 0 1 -3 1 0 0 0 0 0
0 0 0 0 1 -1 1 0 0 0 0
0 0 0 0 0 1 -5 1 0 0 0
0 0 0 0 0 0 1 -1 1 0 0
0 0 0 0 0 0 0 1 -3 1 0
0 0 0 0 0 0 0 0 1 -1 1
0 0 0 0 0 0 0 0 0 1 -4

-8 1 0 0 0 0 0 0 0 0 0
1 -1 1 0 0 0 0 0 0 0 0
0 1 -2 1 0 0 0 0 0 0 0
0 0 1 -2 1 0 0 0 0 0 0
0 0 0 1 -3 1 0 0 0 0 0
0 0 0 0 1 -1 1 0 0 0 0
0 0 0 0 0 1 -5 1 0 0 0
0 0 0 0 0 0 1 -1 1 0 0
0 0 0 0 0 0 0 1 -3 1 0
0 0 0 0 0 0 0 0 1 -1 1
0 0 0 0 0 0 0 0 0 1 -6

-6 1 0 0 0 0 0 0 0 0 0 0
1 -1 1 0 0 0 0 0 0 0 0 0
0 1 -2 1 0 0 0 0 0 0 0 0
0 0 1 -2 1 0 0 0 0 0 0 0
0 0 0 1 -3 1 0 0 0 0 0 0
0 0 0 0 1 -1 1 0 0 0 0 0
0 0 0 0 0 1 -5 1 0 0 0 0
0 0 0 0 0 0 1 -1 1 0 0 0
0 0 0 0 0 0 0 1 -3 1 0 0
0 0 0 0 0 0 0 0 1 -2 1 0
0 0 0 0 0 0 0 0 0 1 -1 1
0 0 0 0 0 0 0 0 0 0 1 -6

-6 1 0 0 0 0 0 0 0 0 0 0
1 -1 1 0 0 0 0 0 0 0 0 0
0 1 -2 1 0 0 0 0 0 0 0 0
0 0 1 -3 1 0 0 0 0 0 0 0
0 0 0 1 -1 1 0 0 0 0 0 0
0 0 0 0 1 -5 1 0 0 0 0 0
0 0 0 0 0 1 -1 1 0 0 0 0
0 0 0 0 0 0 1 -3 1 0 0 0
0 0 0 0 0 0 0 1 -2 1 0 0
0 0 0 0 0 0 0 0 1 -2 1 0
0 0 0 0 0 0 0 0 0 1 -1 1
0 0 0 0 0 0 0 0 0 0 1 -6

-4 1 0
1 -1 1
0 1 -4

-8 1 0 0 0 0 0 0 0 0 0
1 -1 1 0 0 0 0 0 0 0 0
0 1 -2 1 0 0 0 0 0 0 0
0 0 1 -3 1 0 0 0 0 0 0
0 0 0 1 -1 1 0 0 0 0 0
0 0 0 0 1 -5 1 0 0 0 0
0 0 0 0 0 1 -1 1 0 0 0
0 0 0 0 0 0 1 -3 1 0 0
0 0 0 0 0 0 0 1 -2 1 0
0 0 0 0 0 0 0 0 1 -1 1
0 0 0 0 0 0 0 0 0 1 -6

-8 1 0 0 0 0 0 0 0 0 0
1 -1 1 0 0 0 0 0 0 0 0
0 1 -2 1 0 0 0 0 0 0 0
0 0 1 -3 1 0 0 0 0 0 0
0 0 0 1 -1 1 0 0 0 0 0
0 0 0 0 1 -5 1 0 0 0 0
0 0 0 0 0 1 -1 1 0 0 0
0 0 0 0 0 0 1 -3 1 0 0
0 0 0 0 0 0 0 1 -2 1 0
0 0 0 0 0 0 0 0 1 -1 1
0 0 0 0 0 0 0 0 0 1 -8

-6 1 0 0 0 0 0 0 0
1 -1 1 0 0 0 0 0 0
0 1 -3 1 0 0 0 0 0
0 0 1 -1 1 0 0 0 0
0 0 0 1 -5 1 0 0 0
0 0 0 0 1 -1 1 0 0
0 0 0 0 0 1 -3 1 0
0 0 0 0 0 0 1 -1 1
0 0 0 0 0 0 0 1 -4

-6 1 0 0 0 0 0 0 0
1 -1 1 0 0 0 0 0 0
0 1 -3 1 0 0 0 0 0
0 0 1 -1 1 0 0 0 0
0 0 0 1 -5 1 0 0 0
0 0 0 0 1 -1 1 0 0
0 0 0 0 0 1 -3 1 0
0 0 0 0 0 0 1 -1 1
0 0 0 0 0 0 0 1 -6

-4 1 0 0 0 0
1 -1 1 0 0 0
0 1 -3 1 0 0
0 0 1 -2 1 0
0 0 0 1 -1 1
0 0 0 0 1 -4

-8 1 0 0 0 0 0
1 -1 1 0 0 0 0
0 1 -2 1 0 0 0
0 0 1 -2 1 0 0
0 0 0 1 -3 1 0
0 0 0 0 1 -1 1
0 0 0 0 0 1 -4

-6 1 0 0 0 0 0 0 0 0
1 -1 1 0 0 0 0 0 0 0
0 1 -2 1 0 0 0 0 0 0
0 0 1 -3 1 0 0 0 0 0
0 0 0 1 -1 1 0 0 0 0
0 0 0 0 1 -5 1 0 0 0
0 0 0 0 0 1 -1 1 0 0
0 0 0 0 0 0 1 -3 1 0
0 0 0 0 0 0 0 1 -1 1
0 0 0 0 0 0 0 0 1 -4

-6 1 0 0 0 0 0 0 0 0
1 -1 1 0 0 0 0 0 0 0
0 1 -2 1 0 0 0 0 0 0
0 0 1 -3 1 0 0 0 0 0
0 0 0 1 -1 1 0 0 0 0
0 0 0 0 1 -5 1 0 0 0
0 0 0 0 0 1 -1 1 0 0
0 0 0 0 0 0 1 -3 1 0
0 0 0 0 0 0 0 1 -1 1
0 0 0 0 0 0 0 0 1 -6

-6 1 0 0 0 0 0 0 0 0 0
1 -1 1 0 0 0 0 0 0 0 0
0 1 -2 1 0 0 0 0 0 0 0
0 0 1 -2 1 0 0 0 0 0 0
0 0 0 1 -3 1 0 0 0 0 0
0 0 0 0 1 -1 1 0 0 0 0
0 0 0 0 0 1 -5 1 0 0 0
0 0 0 0 0 0 1 -1 1 0 0
0 0 0 0 0 0 0 1 -3 1 0
0 0 0 0 0 0 0 0 1 -1 1
0 0 0 0 0 0 0 0 0 1 -6

-6 1 0 0 0 0 0 0 0 0 0
1 -1 1 0 0 0 0 0 0 0 0
0 1 -3 1 0 0 0 0 0 0 0
0 0 1 -1 1 0 0 0 0 0 0
0 0 0 1 -5 1 0 0 0 0 0
0 0 0 0 1 -1 1 0 0 0 0
0 0 0 0 0 1 -3 1 0 0 0
0 0 0 0 0 0 1 -2 1 0 0
0 0 0 0 0 0 0 1 -2 1 0
0 0 0 0 0 0 0 0 1 -1 1
0 0 0 0 0 0 0 0 0 1 -6

-12 1 0 0 0 0 0 0 0 0 0 0
1 -1 1 0 0 0 0 0 0 0 0 0
0 1 -2 1 0 0 0 0 0 0 0 0
0 0 1 -2 1 0 0 0 0 0 0 0
0 0 0 1 -3 1 0 0 0 0 0 0
0 0 0 0 1 -1 1 0 0 0 0 0
0 0 0 0 0 1 -5 1 0 0 0 0
0 0 0 0 0 0 1 -1 1 0 0 0
0 0 0 0 0 0 0 1 -3 1 0 0
0 0 0 0 0 0 0 0 1 -2 1 0
0 0 0 0 0 0 0 0 0 1 -1 1
0 0 0 0 0 0 0 0 0 0 1 -6

-12 1 0 0 0 0 0 0 0 0 0 0
1 -1 1 0 0 0 0 0 0 0 0 0
0 1 -2 1 0 0 0 0 0 0 0 0
0 0 1 -2 1 0 0 0 0 0 0 0
0 0 0 1 -3 1 0 0 0 0 0 0
0 0 0 0 1 -1 1 0 0 0 0 0
0 0 0 0 0 1 -5 1 0 0 0 0
0 0 0 0 0 0 1 -1 1 0 0 0
0 0 0 0 0 0 0 1 -3 1 0 0
0 0 0 0 0 0 0 0 1 -2 1 0
0 0 0 0 0 0 0 0 0 1 -1 1
0 0 0 0 0 0 0 0 0 0 1 -8

-8 1 0 0 0 0 0
1 -1 1 0 0 0 0
0 1 -2 1 0 0 0
0 0 1 -3 1 0 0
0 0 0 1 -2 1 0
0 0 0 0 1 -1 1
0 0 0 0 0 1 -4

-8 1 0 0 0 0 0
1 -1 1 0 0 0 0
0 1 -2 1 0 0 0
0 0 1 -3 1 0 0
0 0 0 1 -2 1 0
0 0 0 0 1 -1 1
0 0 0 0 0 1 -6

-8 1 0 0 0 0 0
1 -1 1 0 0 0 0
0 1 -2 1 0 0 0
0 0 1 -3 1 0 0
0 0 0 1 -2 1 0
0 0 0 0 1 -1 1
0 0 0 0 0 1 -8

-8 1 0 0 0 0 0 0 0 0 0 0 0
1 -1 1 0 0 0 0 0 0 0 0 0 0
0 1 -2 1 0 0 0 0 0 0 0 0 0
0 0 1 -2 1 0 0 0 0 0 0 0 0
0 0 0 1 -3 1 0 0 0 0 0 0 0
0 0 0 0 1 -1 1 0 0 0 0 0 0
0 0 0 0 0 1 -5 1 0 0 0 0 0
0 0 0 0 0 0 1 -1 1 0 0 0 0
0 0 0 0 0 0 0 1 -3 1 0 0 0
0 0 0 0 0 0 0 0 1 -2 1 0 0
0 0 0 0 0 0 0 0 0 1 -2 1 0
0 0 0 0 0 0 0 0 0 0 1 -1 1
0 0 0 0 0 0 0 0 0 0 0 1 -6

-8 1 0 0 0 0 0 0 0 0 0 0 0
1 -1 1 0 0 0 0 0 0 0 0 0 0
0 1 -2 1 0 0 0 0 0 0 0 0 0
0 0 1 -2 1 0 0 0 0 0 0 0 0
0 0 0 1 -3 1 0 0 0 0 0 0 0
0 0 0 0 1 -1 1 0 0 0 0 0 0
0 0 0 0 0 1 -5 1 0 0 0 0 0
0 0 0 0 0 0 1 -1 1 0 0 0 0
0 0 0 0 0 0 0 1 -3 1 0 0 0
0 0 0 0 0 0 0 0 1 -2 1 0 0
0 0 0 0 0 0 0 0 0 1 -2 1 0
0 0 0 0 0 0 0 0 0 0 1 -1 1
0 0 0 0 0 0 0 0 0 0 0 1 -8

-6 1 0 0 0 0 0 0 0 0
1 -1 1 0 0 0 0 0 0 0
0 1 -3 1 0 0 0 0 0 0
0 0 1 -1 1 0 0 0 0 0
0 0 0 1 -5 1 0 0 0 0
0 0 0 0 1 -1 1 0 0 0
0 0 0 0 0 1 -3 1 0 0
0 0 0 0 0 0 1 -2 1 0
0 0 0 0 0 0 0 1 -1 1
0 0 0 0 0 0 0 0 1 -6

-12 1 0 0 0 0 0 0 0 0 0
1 -1 1 0 0 0 0 0 0 0 0
0 1 -2 1 0 0 0 0 0 0 0
0 0 1 -2 1 0 0 0 0 0 0
0 0 0 1 -3 1 0 0 0 0 0
0 0 0 0 1 -1 1 0 0 0 0
0 0 0 0 0 1 -5 1 0 0 0
0 0 0 0 0 0 1 -1 1 0 0
0 0 0 0 0 0 0 1 -3 1 0
0 0 0 0 0 0 0 0 1 -1 1
0 0 0 0 0 0 0 0 0 1 -4

-12 1 0 0 0 0 0 0 0 0 0
1 -1 1 0 0 0 0 0 0 0 0
0 1 -2 1 0 0 0 0 0 0 0
0 0 1 -2 1 0 0 0 0 0 0
0 0 0 1 -3 1 0 0 0 0 0
0 0 0 0 1 -1 1 0 0 0 0
0 0 0 0 0 1 -5 1 0 0 0
0 0 0 0 0 0 1 -1 1 0 0
0 0 0 0 0 0 0 1 -3 1 0
0 0 0 0 0 0 0 0 1 -1 1
0 0 0 0 0 0 0 0 0 1 -6

-8 1 0 0 0 0 0 0 0 0 0 0
1 -1 1 0 0 0 0 0 0 0 0 0
0 1 -2 1 0 0 0 0 0 0 0 0
0 0 1 -3 1 0 0 0 0 0 0 0
0 0 0 1 -1 1 0 0 0 0 0 0
0 0 0 0 1 -5 1 0 0 0 0 0
0 0 0 0 0 1 -1 1 0 0 0 0
0 0 0 0 0 0 1 -3 1 0 0 0
0 0 0 0 0 0 0 1 -2 1 0 0
0 0 0 0 0 0 0 0 1 -2 1 0
0 0 0 0 0 0 0 0 0 1 -1 1
0 0 0 0 0 0 0 0 0 0 1 -6

-8 1 0 0 0 0 0 0 0 0 0 0
1 -1 1 0 0 0 0 0 0 0 0 0
0 1 -2 1 0 0 0 0 0 0 0 0
0 0 1 -3 1 0 0 0 0 0 0 0
0 0 0 1 -1 1 0 0 0 0 0 0
0 0 0 0 1 -5 1 0 0 0 0 0
0 0 0 0 0 1 -1 1 0 0 0 0
0 0 0 0 0 0 1 -3 1 0 0 0
0 0 0 0 0 0 0 1 -2 1 0 0
0 0 0 0 0 0 0 0 1 -2 1 0
0 0 0 0 0 0 0 0 0 1 -1 1
0 0 0 0 0 0 0 0 0 0 1 -8

-6 1 0 0 0 0 0 0 0 0 0
1 -1 1 0 0 0 0 0 0 0 0
0 1 -2 1 0 0 0 0 0 0 0
0 0 1 -3 1 0 0 0 0 0 0
0 0 0 1 -1 1 0 0 0 0 0
0 0 0 0 1 -5 1 0 0 0 0
0 0 0 0 0 1 -1 1 0 0 0
0 0 0 0 0 0 1 -3 1 0 0
0 0 0 0 0 0 0 1 -2 1 0
0 0 0 0 0 0 0 0 1 -1 1
0 0 0 0 0 0 0 0 0 1 -6

-12 1 0 0 0 0 0 0 0 0 0 0 0
1 -1 1 0 0 0 0 0 0 0 0 0 0
0 1 -2 1 0 0 0 0 0 0 0 0 0
0 0 1 -2 1 0 0 0 0 0 0 0 0
0 0 0 1 -3 1 0 0 0 0 0 0 0
0 0 0 0 1 -1 1 0 0 0 0 0 0
0 0 0 0 0 1 -5 1 0 0 0 0 0
0 0 0 0 0 0 1 -1 1 0 0 0 0
0 0 0 0 0 0 0 1 -3 1 0 0 0
0 0 0 0 0 0 0 0 1 -2 1 0 0
0 0 0 0 0 0 0 0 0 1 -2 1 0
0 0 0 0 0 0 0 0 0 0 1 -1 1
0 0 0 0 0 0 0 0 0 0 0 1 -6

-12 1 0 0 0 0 0 0 0 0 0 0 0
1 -1 1 0 0 0 0 0 0 0 0 0 0
0 1 -2 1 0 0 0 0 0 0 0 0 0
0 0 1 -2 1 0 0 0 0 0 0 0 0
0 0 0 1 -3 1 0 0 0 0 0 0 0
0 0 0 0 1 -1 1 0 0 0 0 0 0
0 0 0 0 0 1 -5 1 0 0 0 0 0
0 0 0 0 0 0 1 -1 1 0 0 0 0
0 0 0 0 0 0 0 1 -3 1 0 0 0
0 0 0 0 0 0 0 0 1 -2 1 0 0
0 0 0 0 0 0 0 0 0 1 -2 1 0
0 0 0 0 0 0 0 0 0 0 1 -1 1
0 0 0 0 0 0 0 0 0 0 0 1 -8

-12 1 0 0 0 0 0 0 0 0 0 0 0
1 -1 1 0 0 0 0 0 0 0 0 0 0
0 1 -2 1 0 0 0 0 0 0 0 0 0
0 0 1 -2 1 0 0 0 0 0 0 0 0
0 0 0 1 -3 1 0 0 0 0 0 0 0
0 0 0 0 1 -1 1 0 0 0 0 0 0
0 0 0 0 0 1 -5 1 0 0 0 0 0
0 0 0 0 0 0 1 -1 1 0 0 0 0
0 0 0 0 0 0 0 1 -3 1 0 0 0
0 0 0 0 0 0 0 0 1 -2 1 0 0
0 0 0 0 0 0 0 0 0 1 -2 1 0
0 0 0 0 0 0 0 0 0 0 1 -1 1
0 0 0 0 0 0 0 0 0 0 0 1 -12

-8 1 0 0 0 0 0 0 0 0 0 0
1 -1 1 0 0 0 0 0 0 0 0 0
0 1 -2 1 0 0 0 0 0 0 0 0
0 0 1 -2 1 0 0 0 0 0 0 0
0 0 0 1 -3 1 0 0 0 0 0 0
0 0 0 0 1 -1 1 0 0 0 0 0
0 0 0 0 0 1 -5 1 0 0 0 0
0 0 0 0 0 0 1 -1 1 0 0 0
0 0 0 0 0 0 0 1 -3 1 0 0
0 0 0 0 0 0 0 0 1 -2 1 0
0 0 0 0 0 0 0 0 0 1 -1 1
0 0 0 0 0 0 0 0 0 0 1 -6

-8 1 0 0 0 0 0 0 0 0 0 0
1 -1 1 0 0 0 0 0 0 0 0 0
0 1 -2 1 0 0 0 0 0 0 0 0
0 0 1 -2 1 0 0 0 0 0 0 0
0 0 0 1 -3 1 0 0 0 0 0 0
0 0 0 0 1 -1 1 0 0 0 0 0
0 0 0 0 0 1 -5 1 0 0 0 0
0 0 0 0 0 0 1 -1 1 0 0 0
0 0 0 0 0 0 0 1 -3 1 0 0
0 0 0 0 0 0 0 0 1 -2 1 0
0 0 0 0 0 0 0 0 0 1 -1 1
0 0 0 0 0 0 0 0 0 0 1 -8

